,bp,ep,size,mom_20,turnover_20,vol_20,rev_5,price_volume_corr_20
bp,1.0,0.7412371134020641,-0.886804123711341,-0.04967741935483864,0.396781115879827,0.05204301075268833,0.04812499999999999,0.0724731182795701
ep,0.7412371134020641,1.0,-0.7707216494845408,0.02752688172043048,0.06995708154506418,-0.41763440860215273,-0.0033333333333333743,-0.05935483870967743
size,-0.886804123711341,-0.7707216494845408,1.0,0.09053763440860223,-0.629828326180255,-0.08236559139784894,-0.09000000000000005,-0.06344086021505389
mom_20,-0.04967741935483864,0.02752688172043048,0.09053763440860223,1.0,-0.14645161290322606,0.0806451612903225,-0.43268817204301074,0.43548387096774177
turnover_20,0.396781115879827,0.06995708154506418,-0.629828326180255,-0.14645161290322606,1.0,0.433763440860214,0.1034334763948499,0.17397849462365642
vol_20,0.05204301075268833,-0.41763440860215273,-0.08236559139784894,0.0806451612903225,0.433763440860214,1.0,-0.03204301075268822,0.272903225806451
rev_5,0.04812499999999999,-0.0033333333333333743,-0.09000000000000005,-0.43268817204301074,0.1034334763948499,-0.03204301075268822,1.0,-0.2643010752688172
price_volume_corr_20,0.0724731182795701,-0.05935483870967743,-0.06344086021505389,0.43548387096774177,0.17397849462365642,0.272903225806451,-0.2643010752688172,1.0
