,mom_20,vol_20,turnover_20,price_volume_corr_20,bp,ep,size
mom_20,1.0,0.0806451612903225,-0.14645161290322606,0.43548387096774177,-0.04967741935483864,0.02752688172043048,0.09053763440860223
vol_20,0.0806451612903225,1.0,0.433763440860214,0.272903225806451,0.05204301075268833,-0.41763440860215273,-0.08236559139784894
turnover_20,-0.14645161290322606,0.433763440860214,1.0,0.17397849462365642,0.396781115879827,0.06995708154506418,-0.629828326180255
price_volume_corr_20,0.43548387096774177,0.272903225806451,0.17397849462365642,1.0,0.0724731182795701,-0.05935483870967743,-0.06344086021505389
bp,-0.04967741935483864,0.05204301075268833,0.396781115879827,0.0724731182795701,1.0,0.7412371134020641,-0.886804123711341
ep,0.02752688172043048,-0.41763440860215273,0.06995708154506418,-0.05935483870967743,0.7412371134020641,1.0,-0.7707216494845408
size,0.09053763440860223,-0.08236559139784894,-0.629828326180255,-0.06344086021505389,-0.886804123711341,-0.7707216494845408,1.0
